.....................................................#.......|1|3167|53|54
.........................####................................|4|881|25|29
......................................################.......|20|881|38|54
........##########...........................................|30|881|08|18
...........................................##########........|40|881|43|53
..............................#######........................|7|809|30|37
...................................................#######...|14|809|51|58
...........................####..............................|18|809|27|31
...............................................#####.........|23|809|47|52
.........####................................................|4|1069|09|13
........................##########################...........|30|1069|24|50
.........###################.................................|19|521|09|28
.............................................############....|31|521|45|57
....................###################################......|66|521|20|55
...........#######...........................................|47|881|11|18
.................######################################......|85|881|17|55
......................................###########............|11|2861|38|49
.....................................#####################...|21|1619|37|58
..######################################################.....|54|1319|02|56
..................................#######....................|18|2861|34|41
..............................................#..............|19|2861|46|47
............#................................................|1|953|12|13
....................#################################........|34|953|20|53
......................###############........................|45|1069|22|37
...................................................##........|47|1069|51|53
..............###################################............|35|421|14|49
.......................#########################.............|25|3203|23|48
.......................###################...................|19|2539|23|42
..........................###########........................|12|3167|26|37
.............................#...............................|67|521|29|30
....................................####.....................|71|521|36|40
............................................##########.......|81|521|44|54
..............................................##########.....|29|2861|46|56
.....................................####....................|89|881|37|41
..............................................########.......|97|881|46|54
..............##################################.............|88|1319|14|48
...............########################......................|49|3203|15|39
......................................................#####..|54|3203|54|59
.................................####........................|58|3203|33|37
...................................................###.......|61|3203|51|54
..................########################...................|112|1319|18|42
..................................................########...|120|1319|50|58
............##...............................................|21|2539|12|14
.........................................#################...|38|2539|41|58
..........................###########........................|40|2861|26|37
..............................................############...|52|2861|46|58
....................................................#######..|7|2221|52|59
............................####################.............|20|101|28|48
.....................###################.....................|53|953|21|40
...........................................############......|65|953|43|55
................................#####........................|5|1601|32|37
..........................................##############.....|19|1601|42|56
.................................................####........|51|1069|49|53
.........................................................#...|52|1069|57|58
...................################################..........|67|421|19|51
........####################################.................|55|1601|08|44
.................................................####........|59|1601|49|53
......################################################.......|109|3203|06|54
.........................................................##..|111|3203|57|59
........########################.............................|76|1069|08|32
.......................................................####..|80|1069|55|59
......##############.........................................|95|521|06|20
.....................................##############..........|109|521|37|51
......................................................##.....|111|521|54|56
...............................................############..|109|881|47|59
.......................................####################..|131|521|39|59
...........................############......................|92|1069|27|39
.............................................###########.....|103|1069|45|56
...........................................#####.............|72|421|43|48
....................................................######...|78|421|52|58
...............................#####.........................|64|1601|31|36
...................................................##........|66|1601|51|53
........................................................##...|68|1601|56|58
..............#######################........................|44|1619|14|37
...#######################...................................|23|2647|03|26
..............................###########################....|50|2647|30|57
.....................................##......................|2|1913|37|39
...............................................#.............|3|1913|47|48
.........................#########...........................|53|1619|25|34
.......................................##############........|67|1619|39|53
.....................................##......................|40|2539|37|39
...........................................#######...........|47|2539|43|50
......................................................###....|50|2539|54|57
...............############################..................|95|1619|15|43
....####################################################.....|52|2441|04|56
...........................................#########.........|87|421|43|52
........................######...............................|13|2221|24|30
......................................###########............|24|2221|38|49
..............................###################............|22|1913|30|49
....................################################.........|82|2539|20|52
.................##########################..................|78|2441|17|43
..................................................####.......|82|2441|50|54
...................############################..............|139|3203|19|47
.....................................................####....|143|3203|53|57
...........############......................................|155|3203|11|23
...................................#####################.....|176|3203|35|56
.......#########.............................................|129|1319|07|16
..............................##########.....................|139|1319|30|40
............................................#############....|152|1319|44|57
............#########################........................|49|2221|12|37
...................................................#######...|56|2221|51|58
.................####################################........|188|1319|17|53
........................#####################................|41|101|24|45
...................................#########.................|104|1619|35|44
...............................................#####.........|109|1619|47|52
........##################...................................|206|1319|08|26
.................................####################........|226|1319|33|53
....................................######...................|115|1619|36|42
..................................................####.......|119|1619|50|54
..............................############...................|24|3167|30|42
.........................######..............................|30|3167|25|31
...............................................###########...|41|3167|47|58
.....................###.....................................|3|263|21|24
...................................................##........|5|263|51|53
.......########################..............................|250|1319|07|31
......................................#####################..|271|1319|38|59
.......###################################...................|122|421|07|42
.........................................................#...|42|101|57|58
...................................############..............|121|881|35|47
...........................................############......|34|1913|43|55
.............###########################.....................|83|2221|13|40
..............................................########.......|91|2221|46|54
.........###############.....................................|137|421|09|24
..................##.........................................|133|521|18|20
.................................#####.......................|73|1601|33|38
.....................................................#.......|74|1601|53|54
..................##########################.................|91|953|18|44
.................................................########....|99|953|49|57
................................##...........................|93|2221|32|34
...........................................###############...|108|2221|43|58
....................................###......................|85|2539|36|39
...........###################...............................|24|263|11|30
...................................................#####.....|29|263|51|56
..................................############...............|120|2221|34|46
.........############################........................|148|2221|09|37
..............................................###########....|159|2221|46|57
................############.................................|35|809|16|28
........................................######...............|41|809|40|46
...................................................#####.....|46|809|51|56
................................###############..............|65|2647|32|47
....................................................##.......|67|2647|52|54
.................#####################################.......|104|2647|17|54
...................#########################.................|128|1069|19|44
....................###......................................|45|101|20|23
............................######...........................|51|101|28|34
##############################################...............|174|1069|00|46
.................................................#...........|120|1619|49|50
.....................................................####....|124|1619|53|57
.....###################.....................................|71|2861|05|24
..............................................##.............|73|2861|46|48
...............####################..........................|102|2441|15|35
.......................................#####.................|107|2441|39|44
....................................................#........|108|2441|52|53
..................###########................................|84|2861|18|29
.....................................###.....................|87|2861|37|40
...........................................###############...|102|2861|43|58
#################............................................|154|421|00|17
..................................................#######....|161|421|50|57
#########################################################....|233|3203|00|57
....###############################..........................|130|953|04|35
.........................................##################..|148|953|41|59
.......................#####.................................|166|421|23|28
.#######################################################.....|96|3167|01|56
.##############..............................................|135|881|01|15
..................##############################.............|165|881|18|48
......................................................###....|168|881|54|57
.........................................#######.............|109|2861|41|48
..................##########################.................|100|1601|18|44
........##################...................................|251|3203|08|26
........................................###############......|266|3203|40|55
.................##################################..........|68|1913|17|51
..#########..................................................|94|2539|02|11
.................######################......................|116|2539|17|39
..........................................###................|119|2539|42|45
...............########......................................|132|1619|15|23
..............................###############................|147|1619|30|45
###########################..................................|95|1913|00|27
................................................#######......|102|1913|48|55
...............########################################......|86|809|15|55
.........###########################################.........|191|953|09|52
............................######################...........|169|1619|28|50
...........................................##########........|176|421|43|53
...........###############...................................|174|2221|11|26
............................................#########........|183|2221|44|53
...................#########.................................|117|2441|19|28
...............................#####.........................|122|2441|31|36
...........................#######################...........|156|521|27|50
.........................................................#...|157|521|57|58
...............................................#.............|87|809|47|48
...................................................##........|89|809|51|53
.........................................................##..|91|809|57|59
.....############............................................|283|1319|05|17
..................................................########...|291|1319|50|58
.....####################################################....|221|1619|05|57
.........................................######..............|97|809|41|47
..................#################..........................|174|521|18|35
............................................##########.......|184|521|44|54
.........................................#####...............|114|2861|41|46
.........#########################...........................|201|421|09|34
...................############..............................|134|2441|19|31
#########################################################....|171|2861|00|57
.################################################............|148|1601|01|49
........#######..............................................|36|263|08|15
...#######################...................................|224|421|03|26
..................................#####################......|245|421|34|55
.......................................#############.........|181|881|39|52
.......................................................##....|183|881|55|57
............................#####............................|153|1601|28|33
......................................................####...|157|1601|54|58
....###......................................................|160|1601|04|07
.....................###########################.............|187|1601|21|48
..........................................##.................|121|2539|42|44
...................#.........................................|105|2647|19|20
.......................................#######...............|112|2647|39|46
.............#########################################.......|77|263|13|54
..#############################################..............|229|521|02|47
..............................######.........................|127|2539|30|36
..........................................#####..............|117|2647|42|47
.........................................................#...|118|2647|57|58
............##...............................................|293|1319|12|14
................................................#............|294|1319|48|49
...###################################################.......|234|881|03|54
............................########.........................|195|1601|28|36
........................................############.........|207|1601|40|52
........################################.....................|129|809|08|40
...................................................####......|133|809|51|55
.................................#####################.......|315|1319|33|54
..............................#####..........................|212|1601|30|35
..........................................##########.........|222|1601|42|52
.........................................................#...|223|1601|57|58
...............######################################........|209|2861|15|53
..................############################...............|161|809|18|46
.......................###############################.......|346|1319|23|54
..............................##.............................|2|1237|30|32
......................##.....................................|231|521|22|24
.............................#############...................|244|521|29|42
........................###..................................|247|521|24|27
................................#############................|260|521|32|45
...............##############################................|221|953|15|45
..................................................########...|229|953|50|58
......########################################...............|285|421|06|46
.................................................######......|291|421|49|55
....................................##.......................|231|953|36|38
............................................##########.......|241|953|44|54
................................#............................|224|1601|32|33
..........................................############.......|236|1601|42|54
...............................############################..|130|1913|31|59
##############################################...............|123|263|00|46
...........########################################..........|306|3203|11|51
.......................................................####..|310|3203|55|59
...............................###############...............|66|101|31|46
........................................###########..........|245|881|40|51
.........................................................#...|246|881|57|58
...................####################......................|280|521|19|39
...........................................#####.............|285|521|43|48
....................##########################...............|28|1237|20|46
.......................................................##....|30|1237|55|57
....................................###############..........|81|101|36|51
...........................############################......|313|521|27|55
......#####################################################..|180|2539|06|59
.............############################################....|290|881|13|57
......##############.........................................|235|1619|06|20
.........................................####................|239|1619|41|45
................................................###..........|242|1619|48|51
..............................########################.......|334|3203|30|54
.###########.................................................|357|1319|01|12
..................#########..................................|366|1319|18|27
......................................#################......|383|1319|38|55
.......................................##############........|256|1619|39|53
................................##...........................|238|1601|32|34
..................................################...........|199|2221|34|50
......................................................#####..|204|2221|54|59
...................##############............................|218|2221|19|33
......................................#####..................|223|2221|38|43
................................................#####........|228|2221|48|53
...................................#########.................|183|1069|35|44
..................................................####.......|187|1069|50|54
...............###############################...............|154|263|15|46
.......................................................#.....|155|263|55|56
.......................................##################....|352|3203|39|57
......#......................................................|119|2647|06|07
.....................................#################.......|258|953|37|54
.......................##########################............|264|1601|23|49
....###......................................................|33|1237|04|07
..........................#######################............|56|1237|26|49
...............................................########......|127|2647|47|55
................#############################................|190|809|16|45
................###################################..........|291|1619|16|51
........................................................#....|292|1619|56|57
...################..........................................|143|2647|03|19
...........................................###############...|158|2647|43|58
.......###############################.......................|321|881|07|38
....................................................####.....|325|881|52|56
.............................................###########.....|394|1319|45|56
...............#########################################.....|354|521|15|56
.....................############............................|337|881|21|33
.........................................##############......|351|881|41|55
..################################...........................|296|1601|02|34
.#...........................................................|57|1237|01|02
................##########################...................|83|1237|16|42
.#####################################.......................|133|3167|01|38
...............................................####..........|137|3167|47|51
.....................................######..................|193|1069|37|43
.....................................................#####...|198|1069|53|58
...........................#.................................|84|1237|27|28
...................................######################....|106|1237|35|57
.......................######################................|313|421|23|45
...........................###...............................|140|3167|27|30
.......................#############.........................|119|1237|23|36
.........................############################........|380|3203|25|53
..............................#######........................|401|1319|30|37
..........................................####...............|405|1319|42|46
.................................................##########..|415|1319|49|59
......................................####...................|355|881|38|42
......................................................#####..|360|881|54|59
..........................#########..........................|149|3167|26|35
.........##########..........................................|306|1601|09|19
........................###########################..........|333|1601|24|51
..#######################....................................|377|521|02|25
.................................##################..........|395|521|33|51
...........#.................................................|150|3167|11|12
...................################################..........|182|3167|19|51
....######...................................................|386|3203|04|10
...................#######...................................|393|3203|19|26
..............................###############................|408|3203|30|45
.......................................................###...|161|2647|55|58
......#####################################..................|235|1069|06|43
....................................................####.....|239|1069|52|56
............................#########################........|234|2861|28|53
..............................#####################..........|249|2221|30|51
..................#####################################......|271|2861|18|55
....######...................................................|188|3167|04|10
.........................################....................|204|3167|25|41
.............................#...............................|82|101|29|30
..................................########################...|106|101|34|58
............................####################.............|269|2221|28|48
.######################......................................|355|1601|01|23
.............................................###########.....|366|1601|45|56
.....................######..................................|421|1319|21|27
................................................#............|422|1319|48|49
......................####################...................|380|881|22|42
...................................................#######...|387|881|51|58
..................#################################..........|325|1619|18|51
.....................######..................................|277|2861|21|27
..................................##################.........|295|2861|34|52
.................................................##..........|163|2647|49|51
..........#..................................................|396|521|10|11
...................###################.......................|415|521|19|38
.......................################......................|171|263|23|39
............................................#############....|184|263|44|57
..........................##########################.........|351|1619|26|52
...................###############################...........|382|1619|19|50
..........................#############......................|119|101|26|39
...........######################################............|333|2861|11|49
...#############################################.............|411|1601|03|48
......................................................##.....|413|1601|54|56
.......................................................##....|241|1069|55|57
.........................#######################.............|405|1619|25|48
.............###########.....................................|141|1913|13|24
...........................##................................|143|1913|27|29
................................#########################....|168|1913|32|57
..................###################################........|443|3203|18|53
............................................##############...|457|3203|44|58
..################################...........................|166|2441|02|34
.....................................................#.......|167|2441|53|54
.............................#####...........................|418|1601|29|34
.....................................#.......................|419|1601|37|38
.............................................#######.........|426|1601|45|52
.............................................############....|281|2221|45|57
.............................###############.................|348|2861|29|44
....................................................#####....|353|2861|52|57
lazy: 3203 - 457- 1
lazy: 1601 - 426- 2
lazy: 1319 - 422- 3
laziest: 3203-44-13
140932
new max: 1601-32-16
new max: 1601-33-15
new max: 1619-41-15
51232
