1	  1         19 88 52
1	  2         33 65 3
1	  3         30 204 55
1	  4         27 70 14
1	  5         42 80 33
2	  6         44 289 29
2	  7         43 38 28
2	  8         57 37 27
2	  9         82 36 26
3	 10         71 75 28
3	 11         72 74 27
3	 12        111 154 19
4	 13         93 72 25
4	 14         69 131 29
4	 15         79 151 19
5	 16        126 88 119
5	 17         96 87 119
5	 18        114 148 19
6	 19        110 147 19
6	 20         91 217 52
6	 21        115 83 119
7	 22        148 82 119
7	 23        149 81 119
7	 24        151 80 119
8	 25        118 79 119
8	 26        123 78 119
8	 27        159 77 119
9	 28        122 76 119
9	 29        118 75 119
9	 30        163 74 119
10	 31        178 73 119
10	 32        206 72 119
10	 33        165 71 119
11	 34        198 70 119
11	 35        184 69 119
11	 36        195 68 119
12	 37        164 67 119
12	 38        129 66 119
12	 39        200 65 119
13	 40        203 64 119
13	 41        224 63 119
13	 42        207 62 119
14	 43        237 61 119
14	 44        218 60 119
14	 45        275 59 119
15	 46        253 58 119
15	 47        243 57 119
15	 48        270 56 119
16	 49        293 55 119
16	 50        188 54 119
16	 51        296 53 119
17	 52        219 52 119
17	 53        292 51 119
17	 54        295 50 119
18	 55        273 49 119
18	 56        287 48 119
18	 57        260 47 119
19	 58        308 46 119
19	 59        304 45 119
19	 60        321 44 119
20	 61        358 43 119
20	 62        340 42 119
20	 63        289 41 119
21	 64        332 40 119
21	 65        352 39 119
21	 66        379 38 119
22	 67        356 37 119
22	 68        374 36 119
22	 69        334 35 119
23	 70        364 34 119
23	 71        380 33 119
23	 72        368 32 119
24	 73        395 31 119
24	 74        403 30 119
24	 75        395 29 119
25	 76        380 28 119
25	 77        388 27 119
25	 78        383 26 119
26	 79        417 25 119
26	 80        404 24 119
26	 81        405 23 119
27	 82        470 22 119
27	 83        491 21 119
27	 84        424 20 119
28	 85        427 19 119
28	 86        496 18 119
28	 87        453 17 119
29	 88        468 16 119
29	 89        450 15 119
29	 90        496 14 119
30	 91        459 13 119
30	 92        475 12 119
30	 93        504 11 119
31	 94        502 10 119
31	 95        516 9 119
31	 96        499 8 119
32	 97        481 7 119
32	 98        518 6 119
32	 99        533 5 119
33	100        531 4 119
33	101        542 3 119
34	102        531 2 119
34	103        538 1 119
35	104        199 137 197
35	105        230 134 196
36	106        230 133 195
36	107        215 132 194
37	108        193 133 193
37	109        182 130 192
38	110        220 129 191
38	111        263 128 190
39	112        208 127 189
39	113        160 126 188
40	114        222 125 187
40	115        216 126 186
41	116        214 125 185
41	117        239 124 184
42	118        222 121 183
42	119        219 122 182
43	120        213 121 181
43	121        215 118 180
44	122        212 119 179
44	123        239 116 178
45	124        207 115 177
45	125        129 114 176
46	126        213 113 175
46	127        223 112 174
47	128        266 111 173
47	129        196 110 172
48	130        239 111 171
48	131        235 108 170
49	132        216 107 169
49	133        195 106 168
50	134        224 107 167
50	135        305 104 166
51	136        219 103 165
51	137        258 104 164
52	138        230 101 163
52	139        215 100 162
53	140        233 99 161
53	141        253 98 160
54	142        259 99 159
54	143        292 98 158
55	144        242 97 157
55	145        284 96 156
56	146        258 93 155
56	147        221 92 154
57	148        246 93 153
57	149        206 90 152
58	150        181 91 151
58	151        258 90 150
59	152        265 89 149
59	153        242 86 148
60	154        212 87 147
60	155        282 84 146
61	156        300 83 145
61	157        273 82 144
62	158        267 83 143
62	159        249 80 142
63	160        233 81 141
63	161        221 78 140
64	162        176 79 139
64	163        242 76 138
65	164        255 75 137
65	165        248 74 136
66	166        263 73 135
66	167        205 72 134
67	168        269 73 133
67	169        196 70 132
68	170        239 71 131
68	171        241 68 130
69	172        241 67 129
69	173        253 66 128
70	174        134 67 127
70	175        183 66 126
71	176        295 65 125
71	177        231 62 124
72	178        232 63 123
72	179        220 62 122
73	180        214 61 121
73	181        223 58 120
74	182        247 59 119
74	183        248 56 118
75	184        187 57 117
75	185        239 54 116
76	186        177 55 115
76	187        225 52 114
77	188        210 53 113
77	189        230 50 112
78	190        207 51 111
78	191        179 48 110
79	192        207 49 109
79	193        194 48 108
80	194        186 47 107
80	195        189 46 106
81	196        195 45 105
81	197        218 42 104
82	198        176 43 103
82	199        185 42 102
83	200        200 39 101
