  1          4 91,247
  2         16 44,31
  3         29 21,53
  4         38 19,55
  5         43 235,256
  6         47 233,256
  7         65 233,254
  8         71 236,254
  9         91 235,253
 10         99 235,252
 11        117 233,251
 12        121 233,250
 13        104 232,249
 14         94 231,250
 15         83 230,249
 16         75 229,250
 17         75 88,121
 18         69 227,252
 19         52 226,252
 20         44 225,252
 21         28 221,252
 22         11 218,251
 23         -3 217,250
 24          4 218,249
 25        -10 217,248
 26        -37 216,247
 27        -55 218,246
 28        -85 214,252
 29       -105 213,252
 30       -133 212,252
 31       -157 211,252
 32       -172 210,248
 33       -212 209,252
 34       -231 208,252
 35       -262 207,247
 36       -285 206,246
 37       -310 205,257
 38       -316 204,252
 39       -353 203,255
 40       -354 202,254
 41       -407 201,253
 42       -417 200,252
 43       -456 199,252
 44       -513 198,252
 45       -560 83,131
 46       -592 90,133
 47       -612 90,132
 48       -651 90,131
 49       -702 89,130
 50       -746 89,132
 51       -786 90,125
 52       -829 190,247
 53       -852 189,246
 54       -903 88,122
 55       -958 86,121
 56      -1019 86,120
 57      -1051 88,122
 58      -1116 87,121
 59      -1164 89,120
 60      -1215 88,119
 61      -1280 89,126
 62      -1323 86,117
 63      -1396 75,122
 64      -1463 75,123
 65      -1506 72,122
 66      -1566 83,132
 67      -1623 83,131
 68      -1695 82,130
 69      -1761 80,129
 70      -1830 80,131
 71      -1893 89,117
 72      -1954 78,126
 73      -2018 76,125
 74      -2104 75,124
 75      -2165 40,121
 76      -2225 73,122
 77      -2257 28,120
 78      -2338 27,120
 79      -2428 26,118
 80      -2463 25,117
 81      -2540 30,117
 82      -2597 29,115
 83      -2642 28,114
 84      -2710 28,113
 85      -2789 27,113
 86      -2916 26,112
 87      -3028 26,110
 88      -3114 27,110
 89      -3211 23,109
 90      -3298 21,129
 91      -3366 21,124
 92      -3440 20,124
 93      -3531 19,123
 94      -3617 21,121
 95      -3681 10,124
 96      -3770 15,123
 97      -3851 40,122
 98      -3925 15,121
 99      -4016 14,120
100      -4130 13,119
101      -4179 10,115
102      -4254 10,114
103      -4362 28,113
104      -4453 9,115
105      -4541 8,114
106      -4630 27,113
107      -4768 8,162
108      -4860 4,114
109      -4957 3,113
110      -5075 3,114
111      -5183 1,113
112      -5287 1,114
113      -5396 2,113
114      -5506 1,114
115      -5606 22,113
116      -5757 9,153
117      -5894 9,150
118      -5991 8,150
119      -6102 7,150
120      -6239 22,117
121      -6293 10,150
122      -6396 10,114
123      -6509 10,113
124      -6635 9,113
125      -6770 9,113
126      -6896 10,93
127      -7011 10,95
128      -7139 10,91
129      -7244 8,90
130      -7386 8,130
131      -7515 8,95
132      -7637 10,130
133      -7741 9,133
134      -7832 3,132
135      -7946 8,131
136      -8051 7,130
137      -8201 6,129
138      -8319 5,130
139      -8465 4,129
140      -8611 3,126
141      -8748 2,125
142      -8902 3,125
143      -9041 2,125
144      -9186 1,122
145      -9338 3,153
146      -9475 3,130
147      -9616 3,129
148      -9756 10,130
149      -9892 10,130
150      -9807 90,129
151      -9983 89,129
152     -10031 90,127
153     -10197 89,132
154     -10325 88,131
155     -10473 87,131
156     -10632 86,129
157     -10748 85,131
158     -10924 84,131
159     -11064 83,129
160     -11245 82,132
161     -11368 81,131
162     -11559 82,117
163     -11684 79,131
164     -11877 78,131
165     -11999 77,131
166     -12171 76,131
167     -12339 75,129
168     -12519 74,129
169     -12660 73,117
170     -12854 72,116
171     -13014 79,117
172     -13193 72,114
173     -13342 73,113
174     -13525 72,114
175     -13661 73,113
176     -13853 90,114
177     -14022 65,115
178     -14207 64,114
179     -14374 63,117
180     -14577 62,116
181     -14703 61,115
182     -14880 60,114
183     -15049 59,113
184     -15258 58,113
185     -15429 57,113
186     -15652 56,113
187     -15847 55,113
188     -16046 54,113
189     -16203 53,103
190     -16408 52,102
191     -16608 51,105
192     -16833 58,104
193     -16986 53,103
194     -17195 52,102
195     -17373 51,103
196     -17573 15,2
197     -17755 27,1
198     -17989 40,1
199     -18221 27,17
200     -18270 40,97
201     -18422 39,95
202     -18529 40,95
203     -18714 39,95
204     -18958 38,94
205     -19191 37,93
206     -19404 36,95
207     -19662 35,91
208     -19874 34,84
209     -20042 33,83
210     -20233 30,82
211     -20433 29,5
212     -20554 30,80
213     -20779 29,79
214     -20980 28,78
215     -21161 27,77
216     -21425 26,80
217     -21642 25,81
218     -21851 24,80
219     -22035 30,77
220     -22257 30,77
221     -22434 21,77
222     -22715 20,77
223     -22943 19,75
224     -23175 18,77
225     -23389 23,65
226     -23600 23,65
227     -23753 15,65
228     -24037 14,48
229     -24199 13,63
230     -24380 10,62
231     -24604 9,48
232     -24755 10,60
233     -25030 9,65
234     -25255 8,45
235     -25440 7,57
236     -25669 6,56
237     -25858 5,55
238     -26126 4,52
239     -26325 3,53
240     -26521 3,52
241     -26761 2,51
242     -27016 1,50
243     -27277 3,49
244     -27521 2,48
245     -27787 4,22
246     -28024 4,22
247     -28233 3,45
248     -28521 2,44
249     -28745 1,17
250     -29085 3,17
251     -29296 3,15
252     -29526 2,15
253     -29770 7,15
254     -30019 9,15
255     -30269 9,12
256     -30453 10,12
257     -30700 9,11
258     -30947 8,10
259     -31208 7,17
260     -31439 9,7
261     -31673 7,5
262     -31909 8,5
263     -32155 7,5
264     -32438 6,5
265     -32701 3,2
266     -32959 3,2
267     -33221 3,1
268     -33501 1,22
269     -33776 1,21
270     -34084 9,1
271     -34361 3,21
272     -34635 4,20
273     -34892 6,17
274     -35138 8,18
275     -35344 8,17
276     -35618 6,16
277     -35832 4,15
278     -36154 3,14
279     -36460 6,13
280     -36693 4,12
281     -36961 4,11
282     -37228 4,10
283     -37523 3,9
284     -37787 3,8
285     -38020 4,7
286     -38283 3,6
287     -38502 3,5
288     -38825 1,4
289     -39140 1,3
290     -39461 8,2
291     -39748 7,1
292     -40171 7,5
293     -40480 6,5
294     -40768 4,2
295     -41028 3,2
296     -41326 3,1
297     -41642 3,1
298     -42054 3,1
299     -42385 1,1
300     -42680 1,1


